50
245
0 1
0 2
0 3
0 5
0 7
0 10
1 2
1 4
1 6
1 8
1 11
2 3
2 5
2 9
2 12
3 4
3 6
3 10
3 13
4 5
4 7
4 11
4 14
5 6
5 8
5 12
5 15
6 7
6 9
6 13
6 16
7 8
7 10
7 14
7 17
8 9
8 11
8 15
8 18
9 10
9 12
9 16
9 19
10 11
10 13
10 17
10 20
11 12
11 14
11 18
11 21
12 13
12 15
12 19
12 22
13 14
13 16
13 20
13 23
14 15
14 17
14 21
14 24
15 16
15 18
15 22
15 25
16 17
16 19
16 23
16 26
17 18
17 20
17 24
17 27
18 19
18 21
18 25
18 28
19 20
19 22
19 26
19 29
20 21
20 23
20 27
20 30
21 22
21 24
21 28
21 31
22 23
22 25
22 29
22 32
23 24
23 26
23 30
23 33
24 25
24 27
24 31
24 34
25 26
25 28
25 32
25 35
26 27
26 29
26 33
26 36
27 28
27 30
27 34
27 37
28 29
28 31
28 35
28 38
29 30
29 32
29 36
29 39
30 31
30 33
30 37
30 40
31 32
31 34
31 38
31 41
32 33
32 35
32 39
32 42
33 34
33 36
33 40
33 43
34 35
34 37
34 41
34 44
35 36
35 38
35 42
35 45
36 37
36 39
36 43
36 46
37 38
37 40
37 44
37 47
38 39
38 41
38 45
38 48
39 40
39 42
39 46
39 49
40 41
40 43
40 47
41 42
41 44
41 48
42 43
42 45
42 49
43 44
43 46
44 45
44 47
45 46
45 48
46 47
46 49
47 48
48 49
0 25
1 26
2 27
3 28
4 29
5 30
6 31
7 32
8 33
9 34
10 35
11 36
12 37
13 38
14 39
15 40
16 41
17 42
18 43
19 44
20 45
21 46
22 47
23 48
24 49
0 49
1 48
2 47
3 46
4 45
5 44
6 43
7 42
8 41
9 40
10 39
11 38
12 37
13 36
14 35
15 34
16 33
17 32
18 31
19 30
20 29
21 28
22 27
23 26